cameras:
- camera:
    distortion:
      parameters:
        cols: 1
        rows: 4
        data: [-0.125172452973, -0.0158508045529, 0.00552041769855, 0.00188160221577]
      type: equidistant
    image_height: 512
    image_width: 640
    intrinsics:
      cols: 1
      rows: 4
      data: [440.381678762, 440.34105427, 328.082910449, 257.335140534]
    label: cam
    line-delay-nanoseconds: 0
    type: pinhole
  T_B_C:
    cols: 4
    rows: 4
    data: [ -0.0178133448837, -0.00307976931129, 0.999836586531, 0.0366305340938,
            -0.999835533491, -0.00335016834537, -0.0178236455545, -0.00566387907285,
            0.00340451359933, -0.999989645643, -0.00301958508823, -0.0379626780198,
            0.0, 0.0, 0.0, 1.0]
label: vicon_tau2

imu_params:
  delay_imu_cam: 0.0
  max_imu_delta_t: 0.01
  acc_max: 176.0
  omega_max: 17
  sigma_omega_c: 12.0e-4
  sigma_acc_c: 8.0e-3
  sigma_omega_bias_c: 0.03
  sigma_acc_bias_c: 0.1
  sigma_integration: 0.0
  g: 9.8082
  imu_rate: 200

imu_initialization:
  velocity: [0.0, 0, 0.0]
  omega_bias: [0.0, 0, 0.0]
  acc_bias: [0.0, 0.0, 0.0]
  velocity_sigma: 2.0
  omega_bias_sigma: 0.01
  acc_bias_sigma: 0.1

